t=0.00000e+00;
bactX=[1.37792e-01,2.41971e-01,2.23009e-01,8.67740e-01,7.64177e-01,3.44714e-01,3.84780e-01,5.94865e-01,5.35121e-01,3.33556e-01,8.54683e-01,2.65644e-01,9.33940e-01,3.89834e-01,6.83065e-01,2.75010e-01,2.79577e-02,9.40613e-01,5.33970e-01,6.71173e-01,6.07535e-01,7.50873e-01,9.81322e-01,7.27670e-01,8.57321e-01,9.91843e-01,7.59460e-01,1.46041e-01,3.26305e-01,2.87861e-02,6.94551e-01,9.58757e-01,7.29047e-01,7.36754e-01,1.74611e-01,3.55410e-01,5.74649e-01,4.59945e-01,8.33725e-01,8.15444e-01,3.23952e-01,4.61684e-01,6.73959e-01,5.95226e-01,1.34387e-01,1.94918e-02,1.25108e-01,2.23276e-01,4.49137e-01,5.34532e-01,9.90390e-01,7.17347e-01,9.80057e-01,5.37378e-02,6.36874e-01,9.60382e-01,2.69923e-01,9.49407e-01,9.02234e-01,1.94648e-01,7.33952e-01,1.74861e-01,1.05141e-01,3.14113e-01,3.48766e-01,3.98962e-01,2.83917e-01,3.13912e-01,7.18280e-01,9.44647e-01,8.77888e-02,2.79534e-01,5.96159e-01,8.28435e-01,7.82153e-01,5.57239e-01,3.62764e-02,6.69372e-01,8.48988e-01,6.54646e-02,3.60766e-01,2.58051e-01,4.32597e-01,3.06071e-01,9.66589e-01,1.29933e-01,2.17436e-01,8.93394e-01,6.21706e-01,3.98162e-01,3.56089e-01,6.46573e-01,7.33091e-01,7.31701e-01,9.58176e-01,4.59545e-02,4.24361e-01,9.01746e-03,7.03805e-01,7.80892e-01,5.64840e-01,2.32952e-02,7.56392e-03,9.88969e-01,2.01647e-01,8.23338e-01,3.60950e-01,4.61253e-01,1.10045e-01,7.81262e-01,4.53444e-01,2.97102e-01,3.58400e-01,4.82436e-01,4.31225e-01,6.98823e-01,6.75066e-01,6.87099e-03,7.89897e-02,4.60627e-01,7.77536e-01,8.16764e-01,6.31388e-01,3.64876e-01,8.87498e-01,2.50927e-01,6.61190e-02,7.27151e-01,7.66798e-01,8.98326e-01,7.66825e-01,9.46883e-01,5.35733e-01,9.59781e-01,9.78188e-01,5.22100e-01,8.45360e-01,8.98027e-01,9.31229e-01,4.57640e-01,7.59162e-01,9.38796e-01,8.10701e-01,9.30392e-01,4.46957e-01,8.33886e-01,9.87781e-01,3.69639e-01,1.70767e-01,8.23165e-01,5.87057e-01,9.61612e-01,4.89129e-01,2.53523e-01,6.78224e-01,9.14492e-01,6.17075e-01,3.22499e-01,4.90512e-01,4.07455e-01,8.39396e-02,5.91960e-01,8.79015e-01,5.53308e-01,2.99471e-01,8.97008e-01,7.94306e-01,7.75812e-01,5.98968e-01,5.57221e-01,2.99708e-01,5.47657e-01,9.91830e-01,4.83413e-01,6.84774e-01,4.80017e-01,7.46521e-01,2.11422e-01,2.48487e-01,9.78391e-02,7.08670e-01,8.55746e-01,7.89034e-01,7.42843e-01,1.04522e-01,5.20875e-01,8.46632e-01,8.43613e-01,3.77747e-01,2.72095e-01,1.25304e-01,6.91353e-01,5.55131e-01,8.47423e-03,4.16032e-01,4.39118e-01,7.84361e-01,8.29997e-01,5.89606e-01,1.42074e-01,5.93313e-01,7.26193e-01,4.28380e-01,2.10792e-01,2.65384e-01,9.93184e-01,4.80756e-01,8.27750e-01,6.03238e-01,8.17842e-01,9.55547e-01,6.50378e-01,6.27647e-01,6.46563e-01,6.21331e-02,9.38197e-01,8.98716e-01,6.94859e-01,3.10406e-01,3.43546e-01,7.62294e-02,5.19837e-01,6.08777e-01,7.27160e-01,7.39336e-05,1.69766e-01,4.63291e-01,3.61852e-01,9.52066e-01,9.32193e-01,9.58069e-01,2.06538e-01,1.59701e-01,5.71761e-01,5.92919e-01,6.98611e-01,3.05813e-01,3.93851e-01,3.36886e-01,1.28993e-01,8.69364e-02,5.48943e-01,3.17733e-01,9.92748e-01,7.23565e-01,5.72101e-01,7.17227e-01,9.76559e-01,4.26991e-01,9.13014e-01,8.97311e-01,8.35229e-01,4.79582e-02,3.59281e-01,2.95754e-01,6.29126e-01,1.36184e-01,3.74046e-01,8.64782e-01,2.50274e-01,2.95056e-02,9.99449e-01,6.05143e-01,2.44195e-01,4.38195e-01,7.35094e-01,5.57989e-01,4.38339e-01,6.03542e-01,1.80999e-01,8.08786e-01,8.19058e-01,4.87236e-01,7.55050e-01,4.04373e-01,7.25676e-01,1.54009e-01,5.09073e-01,6.68036e-01,1.52576e-01,6.26960e-02,3.37115e-01,4.45944e-01,7.57648e-01,1.30534e-01,9.01512e-01,2.20338e-01,3.78551e-01,4.22756e-01,9.72686e-01,1.77016e-01,8.82277e-01,5.51257e-01,3.21492e-01,8.99846e-01,5.42112e-01,4.62889e-01,8.07975e-01,3.60818e-01,9.71003e-01]';
bactY=[5.55517e-01,7.69820e-01,6.80121e-01,2.05200e-01,8.34623e-01,8.65467e-01,4.15208e-02,6.14193e-01,2.73280e-01,7.46707e-01,4.87872e-01,7.92375e-01,5.24463e-01,5.97512e-01,2.20030e-01,3.64019e-01,2.97242e-01,8.51617e-01,9.73690e-01,6.23622e-01,8.92279e-01,9.80903e-01,6.46979e-01,7.98819e-01,4.04874e-01,4.82364e-01,6.38924e-02,8.02929e-01,3.51071e-01,8.49272e-01,9.91807e-01,4.84324e-01,3.56365e-01,5.43711e-02,9.14077e-01,7.04969e-01,4.38084e-01,9.68109e-01,7.23821e-01,6.56803e-01,5.14772e-01,8.77056e-01,6.01742e-02,4.71478e-01,3.11017e-01,1.94693e-01,1.51050e-01,9.01420e-01,7.06583e-02,9.58388e-01,6.99890e-01,1.20097e-02,4.88040e-03,8.53291e-01,4.67288e-01,8.36719e-01,2.20625e-01,8.05961e-01,2.48579e-01,9.98273e-01,9.37898e-01,5.53956e-01,9.12697e-01,6.35490e-01,7.80096e-01,5.67218e-01,1.91762e-01,9.06248e-01,5.14856e-01,9.98976e-01,3.77329e-01,2.06112e-01,7.29947e-01,3.13436e-01,1.17581e-01,8.88606e-01,6.93123e-01,9.39900e-01,4.17167e-01,8.15771e-01,8.04843e-01,3.60404e-01,9.13814e-01,2.88316e-01,1.65002e-01,4.55863e-01,2.42817e-01,1.92205e-03,6.15343e-01,6.61228e-01,6.60336e-01,6.80475e-01,8.50650e-01,3.73145e-02,6.80775e-01,5.71138e-01,6.90215e-01,8.95566e-01,2.66862e-01,6.85546e-02,3.13601e-01,7.89180e-01,4.98340e-01,4.37033e-01,1.68406e-01,2.64563e-01,6.83882e-01,8.16637e-01,7.05521e-01,5.76539e-01,9.94062e-01,4.61193e-01,4.93353e-01,2.73960e-01,6.55103e-01,4.07057e-01,2.99963e-01,6.05436e-01,7.91173e-01,9.70894e-01,7.73384e-01,5.99982e-01,4.49069e-01,1.53473e-01,2.11233e-01,7.00349e-01,9.56182e-01,6.35469e-01,8.91271e-01,2.16285e-01,6.83544e-01,3.15059e-01,2.53866e-02,8.20249e-01,4.32669e-01,8.87066e-02,9.35084e-01,3.90777e-01,5.87932e-01,2.39836e-01,6.53565e-01,3.66532e-01,4.81250e-01,4.01686e-01,3.33798e-01,2.67585e-01,7.67843e-01,2.40382e-01,9.61277e-01,9.23551e-01,2.74247e-01,2.23279e-01,2.52124e-01,2.46993e-01,2.39576e-01,4.28251e-01,8.25926e-01,6.17186e-01,1.93874e-01,8.08081e-01,9.85634e-01,1.48602e-01,8.53031e-01,2.38602e-01,4.16941e-01,3.22400e-01,4.34039e-01,3.27424e-01,9.89688e-02,6.71174e-01,4.93587e-02,2.00996e-01,4.99137e-01,2.75419e-01,4.19604e-01,5.96993e-01,4.91449e-02,8.86679e-01,8.58299e-01,8.50616e-02,1.77417e-01,1.33985e-02,5.89985e-01,7.07862e-01,7.58923e-01,2.13971e-01,9.66167e-01,4.84389e-01,6.24681e-02,1.78459e-01,3.38263e-01,8.80482e-01,4.27205e-02,3.55407e-01,6.40739e-01,8.27884e-01,4.46230e-02,7.90826e-01,5.11507e-02,2.96426e-01,2.72142e-01,9.13454e-01,6.05467e-01,5.02217e-01,7.36600e-01,1.12123e-01,8.84490e-01,5.29551e-01,5.49392e-03,1.62868e-01,2.62326e-01,3.88698e-02,6.82064e-01,2.81965e-02,4.99949e-01,4.80695e-01,2.78529e-01,5.90492e-01,2.87416e-01,9.19946e-01,6.06384e-03,5.64530e-01,3.68692e-01,3.71361e-01,2.11943e-02,6.87251e-01,5.54564e-01,7.65436e-01,7.91339e-01,2.46561e-01,1.99807e-01,3.66939e-01,7.19572e-01,1.25365e-01,4.29894e-01,1.63535e-02,7.10202e-02,7.10306e-01,8.02948e-01,9.10197e-01,9.12124e-01,6.29536e-01,1.31494e-01,6.21365e-02,7.77544e-01,7.42150e-01,6.25929e-01,7.29097e-01,2.03014e-01,7.94995e-01,9.74571e-01,4.20144e-01,2.45721e-01,4.80122e-01,6.68972e-01,8.52376e-01,9.45323e-01,1.28732e-01,6.96645e-01,8.00841e-02,1.03563e-01,1.31198e-01,5.15055e-01,4.81781e-01,4.45883e-01,7.98177e-01,5.28938e-01,6.68844e-01,4.83338e-01,3.32687e-01,2.58802e-01,9.73703e-01,2.64360e-01,7.89941e-01,4.97069e-01,3.20785e-01,6.16283e-01,6.89415e-03,6.29337e-02,9.20025e-01,9.06164e-01,8.31537e-01,9.13675e-01,6.79158e-01,7.77059e-01,6.93668e-01,1.98856e-01,4.52388e-01,7.88887e-01,1.92455e-03,5.55578e-01,4.33248e-01,5.84159e-02,4.41960e-01,8.39594e-01,6.18257e-01,7.41594e-01,9.35637e-01,3.25310e-01,7.45991e-01]';
coordinateBMatrix(:,:,1)=[bactX,bactY];
t=1.00000e-03;
