t=0.00000e+00;
bactX=[5.80180e-01,4.35391e-01,4.15100e-01,5.42130e-02,2.59696e-01,2.44178e-01,7.09095e-01,6.58851e-01,1.19181e-01,1.29219e-01,7.79686e-02,7.35240e-01,5.56150e-01,8.34371e-01,1.06124e-01,2.56561e-01,5.41240e-02,6.56554e-01,2.77437e-01,7.09130e-01,1.30296e-01,5.23997e-01,4.58901e-02,1.01306e-01,4.68935e-01,7.10646e-01,6.01346e-01,2.04917e-01,6.18787e-01,6.99150e-01,3.14829e-01,8.04789e-01,1.78022e-01,2.41306e-01,5.94730e-01,8.68233e-01,8.18668e-01,5.90084e-01,2.28784e-03,9.44532e-01,7.92477e-01,3.99328e-01,8.73449e-01,6.74396e-01,2.42366e-01,1.68445e-01,8.61125e-01,3.26641e-01,3.25152e-01,4.00173e-01,7.63506e-01,1.64068e-01,6.88290e-01,6.43317e-01,8.21354e-01,3.78547e-01,1.11901e-01,8.59483e-01,7.13183e-01,5.75010e-01,7.41138e-01,7.53671e-01,5.55088e-01,8.00912e-01,6.70346e-01,5.35107e-01,6.85926e-01,9.55184e-01,6.27752e-01,8.19132e-01,1.88965e-01,7.51475e-01,2.21580e-01,4.16450e-01,7.90874e-01,3.99962e-01,4.51092e-02,2.01045e-01,4.28628e-02,6.39163e-01,2.51759e-01,4.19884e-01,1.71836e-01,8.84456e-01,3.41014e-01,2.05124e-01,7.95387e-01,2.44700e-02,3.97795e-02,5.29819e-01,9.33367e-01,6.02215e-01,6.01177e-01,6.43866e-01,9.21931e-01,2.19257e-01,8.84904e-01,4.88220e-02,8.12040e-01,3.25918e-02,4.15042e-01,5.94667e-01,1.96795e-01,7.96091e-01,2.10988e-01,1.74414e-01,6.13842e-01,9.41056e-01,6.61565e-01,2.14898e-01,9.13590e-01,3.80197e-01,3.49823e-02,2.27345e-01,9.06887e-01,8.68988e-01,5.82469e-01,5.60786e-01,1.08863e-03,1.26862e-01,2.14641e-01,8.26820e-01,3.87614e-01,3.18075e-01,2.61779e-01,2.96524e-01,4.28178e-01,1.92406e-01,5.67478e-01,6.57666e-01,6.85579e-01,3.53740e-01,9.56791e-01,2.43739e-01,7.48272e-01,3.90228e-01,8.44757e-01,3.71984e-01,7.07606e-01,3.45655e-01,8.77158e-01,7.50528e-01,4.34425e-01,4.00661e-01,3.72938e-01,4.43250e-01,3.80307e-01,7.27124e-02,4.40281e-01,6.06527e-01,3.04784e-01,4.06644e-01,1.01012e-01,4.76880e-01,2.92410e-01,1.62826e-02,8.84416e-01,2.10311e-01,6.83644e-01,1.54390e-01,9.74316e-01,5.02662e-01,8.91408e-01,7.26491e-01,4.97180e-01,6.07214e-01,3.49289e-01,5.26215e-01,7.96915e-01,2.73676e-01,2.92684e-01,3.48152e-01,8.75973e-01,9.33192e-02,2.06680e-01,3.02759e-01,3.51522e-01,7.26748e-01,8.86325e-01,5.19262e-02,7.85592e-02,1.44861e-02,1.93340e-01,2.62893e-02,4.68766e-01,2.43383e-01,9.19917e-01,7.15834e-01,4.88646e-01,7.80743e-02,5.30066e-01,6.66050e-01,6.07713e-01,4.19551e-01,1.10798e-01,8.16614e-01,2.49305e-01,5.09178e-01,8.04133e-01,5.09830e-01,3.02700e-01,8.61927e-01,5.73943e-02,7.30757e-01,9.00880e-01,4.64043e-01,4.69364e-01,1.53814e-01,9.61795e-01,8.76255e-01,4.88629e-01,4.07077e-01,1.26576e-01,9.25425e-01,5.58112e-03,1.86388e-01,3.24061e-01,5.01866e-02,1.44537e-01,7.29369e-01,4.82280e-01,3.38065e-01,2.36767e-01,4.50863e-01,1.85451e-01,3.24255e-01,2.63971e-01,8.30077e-01,6.96360e-01,3.33537e-01,5.80232e-01,2.87838e-01,2.63971e-01,2.59901e-01,6.77080e-01,5.19827e-01,7.67537e-02,5.58453e-02,2.58728e-01,4.39927e-01,2.84289e-01,6.78768e-01,9.49580e-01,7.73955e-01,6.36139e-01,7.53581e-01,7.46817e-01,5.86031e-01,7.73056e-01,3.92488e-01,6.05290e-01,2.47433e-01,2.90202e-01,1.93326e-02,3.47310e-01,1.41796e-01,4.11535e-01,1.53068e-01,8.29009e-01,7.39200e-01,9.88703e-02,8.20633e-01,2.27112e-01,1.06941e-01,6.62776e-01,9.54576e-01,8.14564e-01,6.23253e-01,3.28269e-01,2.77368e-01,4.34377e-01,3.50296e-01,8.77759e-01,6.15449e-03,6.96449e-01,3.38063e-01,3.04984e-01,6.48101e-01,9.21146e-01,8.93074e-01,9.97179e-01,7.28839e-02,1.29619e-01,9.81568e-01,9.02423e-02,6.86159e-01,9.28965e-01,1.41816e-01,8.84416e-01,1.97620e-02,3.42686e-01,2.38306e-01,9.84564e-01,8.46598e-01,7.94512e-01,9.00278e-01,7.80105e-01,8.36511e-01,3.21093e-01,7.42746e-01]';
bactY=[6.64494e-01,2.89184e-01,3.37372e-01,9.08637e-01,3.22510e-02,6.96358e-01,2.08770e-01,8.24149e-01,2.18232e-01,9.96423e-02,6.19506e-01,1.03815e-01,7.99062e-01,9.02925e-01,3.12513e-01,2.81589e-01,6.78194e-03,4.95872e-01,9.88482e-01,7.37941e-01,3.10720e-01,6.00408e-01,7.81680e-01,1.11533e-01,5.79329e-01,8.70371e-01,6.89776e-01,2.42970e-01,3.42722e-01,5.45440e-01,6.75727e-02,4.10448e-01,2.37511e-01,4.88974e-01,8.06067e-01,3.77848e-01,5.17978e-01,9.45979e-02,9.09095e-01,2.07631e-01,3.82065e-01,6.60280e-01,7.58373e-01,1.73069e-01,5.17380e-01,9.95338e-01,7.07609e-01,8.05673e-02,4.33081e-02,4.91156e-01,4.46596e-01,4.86799e-01,1.65891e-01,3.60657e-01,8.80722e-01,7.44352e-01,4.16771e-01,9.07355e-01,9.43069e-02,1.81326e-01,9.46587e-01,1.00849e-01,3.88038e-01,2.89225e-01,7.30869e-02,1.94608e-01,4.17485e-01,2.92927e-01,7.02139e-01,2.39713e-01,9.59483e-01,3.05462e-01,1.54915e-01,5.55508e-01,7.90544e-01,4.43872e-01,9.95819e-01,4.36587e-01,3.04441e-01,2.46510e-01,9.60825e-01,2.22881e-01,3.95609e-01,2.24525e-01,2.70025e-01,4.18441e-01,9.97736e-01,9.11030e-01,5.50427e-01,5.96336e-01,7.91452e-02,5.76636e-01,8.98172e-01,4.63311e-01,3.98396e-01,1.04461e-01,6.52236e-01,9.91700e-01,6.78073e-01,4.28478e-01,6.54801e-01,5.88746e-01,7.45055e-01,6.40870e-01,5.03676e-01,9.38041e-01,6.05344e-01,6.38924e-01,7.02657e-01,8.60949e-01,3.79662e-01,7.12123e-01,5.23520e-01,3.63489e-01,4.34676e-01,6.87598e-01,2.26851e-01,9.79004e-01,9.75671e-01,2.89514e-01,3.38433e-01,9.96445e-01,7.88971e-01,7.94922e-01,6.32369e-01,8.11451e-01,4.48093e-01,8.30614e-01,1.26663e-01,5.13268e-01,7.15931e-01,2.48146e-01,5.31900e-01,3.82210e-01,8.01761e-01,6.70861e-01,9.82859e-01,9.36821e-01,5.76272e-01,8.01862e-02,4.13825e-01,1.80845e-01,9.95631e-01,5.20386e-01,8.85283e-01,6.48252e-01,4.66254e-01,9.52809e-02,9.67821e-01,6.20111e-01,1.56003e-01,3.98367e-01,8.82505e-01,5.39014e-01,5.43676e-01,4.42453e-01,1.83745e-01,2.49231e-01,2.85112e-01,5.29510e-01,5.59837e-01,4.15146e-01,9.05680e-01,3.05143e-01,6.49770e-01,2.88782e-01,2.55251e-01,3.58183e-01,8.05918e-01,5.38927e-01,5.90064e-01,2.31142e-01,1.01946e-01,6.44644e-01,9.80139e-01,1.01722e-01,1.87866e-01,9.38536e-03,8.38303e-01,4.81342e-01,4.68530e-01,9.08550e-01,4.17147e-01,5.44138e-01,6.99009e-01,7.90503e-02,5.09416e-01,4.86898e-01,8.55880e-01,6.14405e-01,1.17415e-01,6.06873e-01,1.64180e-01,3.99026e-01,5.32357e-01,8.75211e-01,6.59039e-01,7.87626e-01,1.26025e-01,5.24974e-01,8.99480e-01,1.09084e-01,6.34571e-01,8.08460e-02,4.11232e-01,7.12634e-01,1.00422e-01,8.09947e-01,6.37809e-01,8.98069e-01,6.21821e-01,4.14607e-01,6.47558e-01,4.89269e-01,9.37553e-02,6.37323e-01,9.50262e-01,4.76376e-01,6.02805e-01,5.91483e-01,2.25262e-01,6.68433e-01,1.56552e-01,7.74251e-01,2.13053e-01,1.69124e-01,7.25753e-01,2.56189e-01,1.62767e-01,6.25777e-01,2.50747e-01,2.62978e-01,8.43928e-01,3.97421e-01,1.04579e-01,1.93854e-01,3.63070e-01,8.74534e-01,5.99770e-01,2.58113e-01,3.58428e-01,8.87540e-01,9.00531e-01,4.47952e-01,2.68851e-01,5.53815e-01,1.78848e-01,8.59702e-01,2.31976e-01,1.68105e-01,2.67229e-02,3.22431e-01,5.55165e-01,8.24529e-01,8.04248e-01,2.44082e-02,3.71506e-01,4.91870e-01,4.66052e-01,4.17138e-02,6.17002e-01,5.78033e-01,2.98809e-01,4.35666e-01,1.36633e-01,2.99721e-01,7.61375e-01,3.53025e-02,2.69500e-01,9.96269e-01,4.46946e-01,1.52785e-01,8.86228e-01,3.13804e-02,1.16035e-01,2.50855e-01,7.59675e-01,8.98310e-01,2.23420e-01,6.73299e-01,8.18786e-01,9.48930e-01,8.74315e-01,3.93736e-01,9.36962e-01,4.36896e-01,1.62523e-01,3.09821e-01,6.81109e-01,9.34055e-01,9.47389e-01,5.99083e-01,9.48874e-01,4.04018e-01,4.10324e-02,2.93826e-01,3.19395e-02,8.64513e-01,4.32546e-01,9.28085e-02]';
coordinateAMatrix(:,:,1)=[bactX,bactY];
t=1.00000e-03;
