dt=1.00000e-03;
tend=1.00000e-02;
nBacteriaA=300;
nBacteriaB=300;
initialpattern='uniform_random';
XLength=1.00000e+00;
YLength=1.00000e+00;
Jx=1.01000e+02;
Jy=1.01000e+02;
bandwidth=1.00000e-04;
kappa=2.00000e+00;
r0=5.00000e-05;
k1=4.00000e+00;
k2=2.00000e+00;
k3=0.00000e+00;
gamma=1.00000e-01;
modulo=10;
muHighA=7.20000e-05;
muLowA=0.00000e+00;
muHighB=2.37600e-03;
muLowB=0.00000e+00;
VthA=2.00000e-01;
VthB=1.00000e-01;
alpha=1.79000e-03;
beta=5.41990e-04;
kAHL=2.08333e-02;
kleucine=1.25000e-02;
DAHL=5.00000e-01;
Dleucine=2.64600e-02;
