t=0.00000e+00;
bactX(:,:,1)=[8.50713e-01,9.29609e-01,5.82791e-01,8.79014e-01,5.22375e-04,6.12566e-01,5.27680e-01,8.01348e-01,4.98094e-01,5.74661e-01,7.38640e-01,2.46735e-01,8.34828e-02,6.60945e-01,8.90752e-01,7.69029e-01,9.28313e-01,1.69829e-02,8.62711e-01,8.44856e-01,5.52291e-01,3.19910e-02,3.62411e-01,4.89570e-01,1.23084e-01,1.46515e-01,4.26524e-02,2.81867e-01,6.95163e-01,5.35801e-01,1.23932e-01,8.52998e-01,2.70294e-01,5.64980e-01,4.17029e-01,9.47933e-01,1.05709e-01,1.66460e-01,5.73710e-01,9.31201e-01,7.37842e-01,8.60441e-01,9.84398e-01,7.85559e-01,1.77602e-01,1.33931e-01,9.39142e-01,2.95534e-01,4.67068e-01,2.52282e-02,5.59033e-01,3.47879e-01,5.42395e-02,6.62808e-01,8.98486e-01,9.88418e-01,7.06917e-01,2.87849e-01,4.64840e-01,8.18204e-01,1.78117e-01,5.67047e-02,3.35849e-01,2.08947e-01,6.75391e-01,9.12132e-01,7.45546e-01,5.61861e-01,5.97211e-01,1.34123e-01,8.94942e-01,2.42487e-01,4.41722e-01,8.97191e-01,9.33705e-02,4.56058e-01,9.95390e-01,2.97347e-01,2.98244e-01,5.05428e-01,6.31070e-01,8.08624e-02,9.05135e-01,1.09154e-01,3.38098e-01,7.46313e-01,4.84473e-02,6.03468e-01,7.29709e-01,7.81377e-01,6.92532e-01,3.96521e-01,7.80176e-01,6.07866e-01,1.04813e-01,5.49540e-01,8.90476e-01,7.34341e-01,7.28853e-02,7.98351e-01,6.83716e-01,7.22725e-01,1.17493e-01,3.28814e-01,7.49131e-01,7.40032e-01,7.34958e-01,8.66930e-01,3.66437e-01,6.85028e-01,7.89364e-01,2.06028e-01,7.71934e-01,3.88272e-01,2.28953e-01,4.84480e-01,7.81932e-01,2.94066e-01,5.30872e-01,4.05315e-01,1.12284e-01,2.91570e-01,9.64423e-01,6.94752e-01,4.32642e-01,1.09755e-01,1.87461e-01,7.97830e-01,7.68958e-01,2.72939e-01,6.73295e-01,4.51739e-01,5.94033e-02,7.72722e-01,1.25332e-01,9.23523e-02,4.23109e-01,7.22923e-01,1.08818e-01,1.26500e-01,9.85941e-02,1.68251e-01,3.17480e-01,2.17563e-01,8.92922e-01,5.55738e-01,2.12031e-01,9.13800e-01,5.57789e-01,1.66204e-01,9.87935e-01,2.57792e-01,7.39948e-02,4.02388e-01,4.02184e-01,1.54370e-01,1.61134e-01,8.71111e-01,6.85536e-01,5.30629e-01,5.97490e-01,2.99225e-01,4.22646e-01,5.58319e-01,4.24335e-01,1.24873e-01,2.90185e-01,6.53690e-01,9.35731e-01,2.40478e-01,7.59327e-01,7.43688e-01,6.81560e-01,2.12163e-01,8.23574e-01,1.63570e-01,8.94389e-01,7.02702e-01,9.53457e-01,6.79734e-01,8.09204e-01,1.20187e-01,3.25834e-01,3.98881e-01,1.80738e-01,2.05358e-02,6.53700e-01,1.63512e-01,7.94658e-01,4.40036e-01,7.51946e-01,6.41871e-02,6.71202e-01,6.42061e-01,3.90762e-01,3.17428e-01,7.89074e-01,5.05637e-01,9.50894e-01,6.00188e-02,6.31189e-01,9.97003e-01,6.52451e-01,3.87245e-01,2.51350e-02,1.84100e-01,3.70363e-01,7.34230e-01,1.76855e-01,2.65322e-01,2.23770e-01,8.75003e-02,1.80617e-01,7.23173e-01,6.60617e-01,6.27347e-01,9.10570e-01,7.45847e-01,3.83306e-01,5.75495e-01,2.75070e-01,4.51639e-01,8.04450e-01,2.99920e-02,8.70772e-02,9.89145e-01,9.39398e-01,6.83839e-01,5.34138e-01,8.99005e-01,1.37869e-01,1.82141e-01,1.06942e-01,9.39661e-01,4.10629e-01,9.45579e-01,9.88302e-01,3.36699e-01,2.44165e-01,6.80178e-01,4.11594e-01,7.50520e-01,5.51793e-01,5.11820e-01,7.19570e-01,3.54534e-01,3.46449e-01,4.54695e-01,2.17732e-01,3.08915e-01,7.82872e-01,9.80225e-03,9.22332e-01,4.26599e-02,7.04340e-01,2.24277e-01,6.73031e-01,6.23716e-01,1.77124e-01,7.66922e-01,1.07889e-01,9.90953e-02,1.93245e-01,9.90896e-02,5.57295e-01,3.11940e-01,3.38956e-01,5.10153e-01,6.28924e-01,3.90855e-01,5.01283e-01,9.97560e-01,4.85652e-01,1.37547e-01,9.27356e-01,7.13574e-01,3.43288e-01,1.24774e-01,6.46477e-01,3.98282e-01,8.35221e-01,5.52262e-01,5.49309e-01,6.19472e-01,7.56510e-01,4.92345e-01,9.72734e-01,8.37803e-01,9.54174e-01,3.56869e-01,2.81502e-01,7.11129e-01,5.90609e-01,4.75547e-02,4.51341e-01,7.15045e-01,2.81508e-01,1.37763e-01,1.38602e-01,3.66157e-01]';
bactY(:,:,1)=[5.60560e-01,6.96667e-01,8.15397e-01,9.88912e-01,8.65439e-01,9.89950e-01,4.79523e-01,2.27843e-01,9.00852e-01,8.45178e-01,5.85987e-01,6.66416e-01,6.25960e-01,7.29752e-01,9.82303e-01,5.81446e-01,5.80090e-01,1.20860e-01,4.84297e-01,2.09405e-01,6.29883e-01,6.14713e-01,4.95326e-02,1.92510e-01,2.05494e-01,1.89072e-01,6.35198e-01,5.38597e-01,4.99116e-01,4.45183e-01,4.90357e-01,8.73927e-01,2.08461e-01,6.40312e-01,2.05976e-01,8.20712e-02,1.42041e-01,6.20959e-01,5.20779e-02,7.28662e-01,6.34045e-02,9.34405e-01,8.58939e-01,5.13377e-01,3.98589e-01,3.08895e-02,3.01306e-01,3.32936e-01,6.48198e-01,8.42207e-01,8.54100e-01,4.46027e-01,1.77108e-01,3.30829e-01,1.18155e-01,5.39982e-01,9.99492e-01,4.14523e-01,7.63957e-01,1.00222e-01,3.59635e-01,5.21886e-01,1.75669e-01,9.05154e-01,4.68468e-01,1.04012e-01,7.36267e-01,1.84194e-01,2.99937e-01,2.12602e-01,7.14528e-02,5.37544e-02,1.32832e-02,1.96658e-01,3.07367e-01,1.01669e-01,3.32093e-01,6.20452e-02,4.63513e-02,7.61426e-01,8.98917e-02,7.77241e-01,5.33772e-01,8.25809e-01,2.93973e-01,1.03366e-02,6.67916e-01,5.26102e-01,7.07253e-01,2.87977e-01,5.56670e-01,6.15907e-02,3.37584e-01,7.41254e-01,1.27888e-01,4.85229e-01,7.98960e-01,5.13319e-02,8.85275e-02,9.43008e-01,1.32083e-01,1.10353e-01,6.40718e-01,6.53812e-01,5.83186e-01,2.34827e-01,9.70599e-01,8.62345e-02,3.69199e-01,5.97942e-01,3.67653e-01,8.66665e-02,2.05675e-01,5.51779e-01,6.41941e-01,1.51846e-01,1.00606e-01,2.37373e-01,9.14987e-02,1.04846e-01,7.84428e-01,6.03533e-01,4.32485e-01,7.58099e-01,6.55498e-01,9.33760e-01,2.66179e-01,4.87604e-01,3.96007e-01,3.72346e-02,4.29564e-01,6.09857e-01,3.15811e-01,6.96433e-01,1.30151e-01,7.82029e-03,6.55573e-01,5.31209e-01,6.31766e-01,1.34303e-01,1.42027e-01,1.96249e-01,3.16429e-01,2.51042e-01,7.03223e-01,1.84434e-01,7.73468e-02,7.06715e-01,3.13429e-01,6.22497e-01,1.70432e-01,3.96799e-01,6.84096e-01,9.82835e-01,6.20672e-01,3.81345e-01,7.58112e-01,3.50777e-01,2.94149e-01,8.32423e-01,3.35311e-01,4.52593e-01,3.59606e-01,7.42545e-01,4.29356e-01,2.44340e-02,3.17521e-01,9.56936e-01,4.57886e-01,7.63898e-01,7.40648e-01,1.05920e-01,4.63261e-01,9.85187e-02,1.75010e-01,6.65987e-01,5.16558e-01,1.53590e-01,5.40884e-01,3.65630e-02,7.48619e-01,5.25045e-01,5.46449e-01,4.15093e-01,2.55387e-01,9.23676e-01,9.32614e-01,9.21097e-01,5.77394e-01,2.57614e-01,2.28669e-01,7.67330e-01,7.15213e-01,4.19048e-01,8.16140e-01,8.14540e-01,8.52264e-01,6.35661e-01,4.43964e-01,8.66750e-01,3.55074e-01,2.24171e-01,6.04991e-01,1.42187e-01,4.21112e-01,7.25775e-01,8.41560e-01,5.71026e-01,9.57384e-01,9.24581e-01,3.73564e-01,6.40117e-01,4.50511e-02,3.47438e-01,3.83869e-01,2.16498e-02,8.00559e-01,8.13113e-01,6.17279e-01,5.30052e-01,2.48629e-01,2.27713e-01,9.86104e-01,5.35664e-01,8.02091e-01,6.69463e-02,1.81775e-02,7.83736e-01,8.85359e-01,6.25938e-01,2.17802e-01,4.18199e-02,6.16443e-01,3.54456e-01,9.84349e-01,6.76645e-01,7.66831e-01,6.62382e-01,2.95507e-01,5.27847e-01,6.02638e-01,5.83533e-01,5.83571e-01,8.25927e-02,9.96156e-01,9.71259e-01,8.86544e-01,4.13427e-01,1.25655e-01,7.26104e-01,6.93788e-01,8.43213e-01,7.70954e-01,3.78186e-01,7.29513e-01,2.69055e-01,4.77492e-01,2.36445e-01,8.29643e-01,9.34478e-01,1.82228e-01,4.89764e-01,8.95892e-01,4.41656e-02,7.72495e-01,1.78982e-01,2.10146e-01,9.06364e-01,1.01534e-01,5.46166e-02,4.31721e-01,8.11603e-01,8.94448e-01,3.90005e-01,9.17494e-01,6.18337e-01,9.36027e-01,7.30585e-01,8.33152e-01,7.49822e-01,3.22460e-01,9.79129e-01,3.30424e-01,3.60637e-01,4.13901e-01,6.94743e-01,3.27755e-01,7.39072e-01,3.19226e-02,6.62654e-01,2.30383e-01,6.24573e-01,6.60438e-01,3.48785e-01,2.40905e-01,8.56182e-01,7.31051e-01,8.36723e-01,5.88209e-01,8.06760e-01]';
coordinateBMatrix(:,:,1)=[bactX,bactY];
t=1.00000e-03;
