t=0.00000e+00;
bactX=[8.14724e-01,1.26987e-01,6.32359e-01,2.78498e-01,9.57507e-01,1.57613e-01,9.57167e-01,8.00280e-01,4.21761e-01,7.92207e-01,6.55741e-01,8.49129e-01,6.78735e-01,7.43132e-01,6.55478e-01,7.06046e-01,2.76923e-01,9.71318e-02,6.94829e-01,9.50222e-01,4.38744e-01,7.65517e-01,1.86873e-01,4.45586e-01,7.09365e-01,2.76025e-01,6.55098e-01,1.18998e-01,9.59744e-01,5.85268e-01,7.51267e-01,5.05957e-01,8.90903e-01,5.47216e-01,1.49294e-01,8.40717e-01,8.14285e-01,9.29264e-01,1.96595e-01,6.16045e-01,3.51660e-01,5.85264e-01,9.17194e-01,7.57200e-01,3.80446e-01,7.58543e-02,5.30798e-01,9.34011e-01,5.68824e-01,1.19021e-02,1.62182e-01,3.11215e-01,1.65649e-01,2.62971e-01,6.89215e-01,4.50542e-01,2.28977e-01,1.52378e-01,5.38342e-01,7.81755e-02,1.06653e-01,4.63422e-03,8.17303e-01,8.44358e-02,2.59870e-01,4.31414e-01,1.81847e-01,1.45539e-01,8.69292e-01,5.49860e-01,8.53031e-01,3.50952e-01,4.01808e-01,2.39916e-01,1.83908e-01,4.17267e-01,9.02716e-01,4.90864e-01,3.37719e-01,3.69247e-01,7.80252e-01,2.41691e-01,9.64545e-02,9.42051e-01,5.75209e-01,2.34780e-01,8.21194e-01,4.30238e-02,6.49115e-01,6.47746e-01,5.47009e-01,7.44693e-01,6.86775e-01,3.68485e-01,7.80227e-01,9.29386e-01,4.86792e-01,4.46784e-01,5.08509e-01,8.17628e-01,6.44318e-01,8.11580e-01,3.50727e-01,8.75943e-01,6.22475e-01,2.07742e-01,4.70923e-01,8.44309e-01,2.25922e-01,2.27664e-01,3.11102e-01,4.30207e-01,9.04881e-01,4.38870e-01,2.58065e-01,5.94896e-01,6.02843e-01,2.21747e-01,2.96676e-01,4.24167e-01,8.55158e-02,8.01015e-01,9.28854e-01,4.88609e-01,2.37284e-01,9.63089e-01,5.21136e-01,4.88898e-01,6.79136e-01,3.67437e-01,3.77389e-02,9.13287e-01,9.87123e-02,3.35357e-01,1.36553e-01,1.06762e-01,4.94174e-01,7.15037e-01,8.90923e-01,6.98746e-01,3.05409e-02,5.00022e-01,9.04722e-01,6.17666e-01,8.05489e-01,1.82922e-01,8.86512e-01,4.89901e-01,9.78681e-01,5.00472e-01,5.96189e-02,4.24311e-02,5.21650e-01,8.18149e-01,7.22440e-01,6.59605e-01,9.72975e-01,8.00331e-01,4.32392e-01,8.34698e-02,1.73389e-01,8.31380e-01,6.04712e-02,5.26876e-01,6.56860e-01,2.91984e-01,1.54871e-02,1.67168e-01,3.72410e-01,4.89688e-01,9.51630e-01,5.26770e-02,2.69119e-01,5.47871e-01,4.17744e-01,3.01455e-01,6.66339e-01,6.98106e-01,1.78132e-01,9.99080e-01,3.26008e-02,8.81867e-01,1.90433e-01,4.60726e-01,1.56405e-01,6.44765e-01,1.90924e-01,4.82022e-01,5.89507e-01,3.84619e-01,2.51806e-01,6.17091e-01,8.24376e-01,7.30249e-01,5.84069e-01,9.06308e-01,8.17761e-01,5.94356e-01,4.25259e-01,1.61485e-01,4.22886e-01,5.98524e-01,6.95949e-01,6.38531e-01,6.88061e-02,5.30864e-01,4.07619e-01,7.18359e-01,5.31334e-01,1.05629e-01,7.78802e-01,9.08233e-02,1.53657e-01,4.40085e-01,4.57424e-01,5.18052e-01,6.37709e-01,2.40707e-01,2.89065e-01,6.95140e-01,2.54790e-01,6.67833e-01,3.44462e-01,6.75332e-01,6.02170e-01,9.15991e-01,4.62449e-01,4.60916e-01,3.22472e-01,4.71357e-01,1.75874e-01,4.73486e-01,3.41125e-01,1.91745e-01,2.42850e-01,2.69062e-01,1.88662e-01,9.11135e-02,6.83363e-01,4.25729e-01,6.47618e-01,6.35787e-01,2.08935e-01,2.36231e-01,6.07304e-01,4.58725e-01,7.70286e-01,6.62010e-01,8.41929e-01,2.56441e-01,5.82249e-01,8.69941e-01,3.18074e-01,9.39829e-01,4.79463e-01,5.44716e-01,5.43886e-01,5.22495e-01,2.18677e-01,1.09697e-01,4.04580e-01,3.65816e-01,6.27896e-01,9.32854e-01,1.92028e-01,6.96266e-01,5.25404e-01,8.61140e-01,3.93456e-01,7.41258e-01,3.47713e-01,5.86092e-01,4.44541e-02,2.42785e-01,6.87796e-01,7.36340e-01,6.83416e-01,4.42305e-01,3.30858e-01,2.70270e-01,8.21721e-01,8.87771e-01,7.69114e-01,8.08514e-01,3.77396e-01,7.90407e-01,3.27565e-01,4.38645e-01,7.68854e-01,8.61980e-01,5.14423e-01,5.88026e-01,1.99863e-01,7.48706e-01,7.89963e-01,5.34064e-01,1.11706e-01,6.78652e-01,1.89710e-01,1.47608e-01]';
bactY=[9.05792e-01,9.13376e-01,9.75404e-02,5.46882e-01,9.64889e-01,9.70593e-01,4.85376e-01,1.41886e-01,9.15736e-01,9.59492e-01,3.57117e-02,9.33993e-01,7.57740e-01,3.92227e-01,1.71187e-01,3.18328e-02,4.61714e-02,8.23458e-01,3.17099e-01,3.44461e-02,3.81558e-01,7.95200e-01,4.89764e-01,6.46313e-01,7.54687e-01,6.79703e-01,1.62612e-01,4.98364e-01,3.40386e-01,2.23812e-01,2.55095e-01,6.99077e-01,9.59291e-01,1.38624e-01,2.57508e-01,2.54282e-01,2.43525e-01,3.49984e-01,2.51084e-01,4.73289e-01,8.30829e-01,5.49724e-01,2.85839e-01,7.53729e-01,5.67822e-01,5.39501e-02,7.79167e-01,1.29906e-01,4.69391e-01,3.37123e-01,7.94285e-01,5.28533e-01,6.01982e-01,6.54079e-01,7.48152e-01,8.38214e-02,9.13337e-01,8.25817e-01,9.96135e-01,4.42678e-01,9.61898e-01,7.74910e-01,8.68695e-01,3.99783e-01,8.00068e-01,9.10648e-01,2.63803e-01,1.36069e-01,5.79705e-01,1.44955e-01,6.22055e-01,5.13250e-01,7.59667e-02,1.23319e-01,2.39953e-01,4.96544e-02,9.44787e-01,4.89253e-01,9.00054e-01,1.11203e-01,3.89739e-01,4.03912e-01,1.31973e-01,9.56135e-01,5.97795e-02,3.53159e-01,1.54034e-02,1.68990e-01,7.31722e-01,4.50924e-01,2.96321e-01,1.88955e-01,1.83511e-01,6.25619e-01,8.11258e-02,7.75713e-01,4.35859e-01,3.06349e-01,5.10772e-01,7.94831e-01,3.78609e-01,5.32826e-01,9.39002e-01,5.50156e-01,5.87045e-01,3.01246e-01,2.30488e-01,1.94764e-01,1.70708e-01,4.35699e-01,9.23380e-01,1.84816e-01,9.79748e-01,1.11119e-01,4.08720e-01,2.62212e-01,7.11216e-01,1.17418e-01,3.18778e-01,5.07858e-01,2.62482e-01,2.92203e-02,7.30331e-01,5.78525e-01,4.58849e-01,5.46806e-01,2.31594e-01,6.24060e-01,3.95515e-01,9.87982e-01,8.85168e-01,7.96184e-01,2.61871e-01,6.79728e-01,7.21227e-01,6.53757e-01,7.79052e-01,9.03721e-01,3.34163e-01,1.97810e-01,7.44074e-01,4.79922e-01,6.09867e-01,8.59442e-01,5.76722e-01,2.39932e-01,2.86742e-02,1.67927e-01,7.12694e-01,4.71088e-01,6.81972e-01,7.14455e-02,9.67300e-02,8.17547e-01,1.49865e-01,5.18595e-01,6.48991e-01,4.53798e-01,8.25314e-01,1.33171e-01,3.90938e-01,8.03364e-01,3.99258e-01,4.16799e-01,6.27973e-01,4.31651e-01,9.84064e-01,1.06216e-01,1.98118e-01,3.39493e-01,9.20332e-01,7.37858e-01,4.22836e-01,9.42737e-01,9.83052e-01,7.01099e-01,5.39126e-01,6.66528e-01,1.28014e-01,1.71121e-01,5.61200e-01,6.69175e-01,3.68917e-01,9.81638e-01,8.55523e-01,3.76272e-01,4.28253e-01,1.20612e-01,2.26188e-01,5.82986e-01,2.90441e-01,2.65281e-01,9.82663e-01,3.43877e-01,1.07769e-01,8.79654e-01,2.60728e-01,2.25126e-02,3.12719e-01,1.78766e-01,9.42293e-02,4.70924e-01,6.99888e-01,3.36038e-02,3.19600e-01,6.54446e-01,8.19981e-01,9.68649e-01,3.25146e-01,6.10959e-01,4.23453e-01,2.66471e-01,2.81005e-01,5.27143e-01,8.75372e-01,9.43623e-01,9.57694e-01,6.76122e-01,6.71808e-01,6.79928e-02,2.24040e-01,8.44392e-01,7.80520e-01,6.71531e-03,3.86771e-01,1.15106e-03,4.24349e-01,7.70160e-01,7.84739e-01,3.57627e-02,7.21758e-01,1.52721e-01,6.07389e-01,7.38427e-01,9.17424e-01,7.65500e-01,2.87498e-01,5.76209e-01,5.46593e-01,6.44443e-01,6.79017e-01,9.45174e-01,7.09282e-01,1.19396e-01,4.50138e-01,6.61945e-01,3.50218e-01,4.16159e-01,8.32917e-01,6.13461e-01,5.40739e-01,2.64779e-01,1.19215e-01,6.45552e-01,6.39317e-01,6.47311e-01,7.21047e-01,9.93705e-01,1.05798e-01,6.35914e-02,4.48373e-01,7.63505e-01,7.71980e-01,9.72741e-01,1.38874e-01,9.38200e-02,5.30344e-01,4.84853e-01,6.71431e-01,5.20052e-01,1.49997e-01,2.62145e-01,7.54933e-01,4.42402e-01,3.59228e-01,3.94707e-01,7.04047e-01,1.95776e-02,4.24309e-01,1.97054e-01,4.29921e-01,3.91183e-01,3.96792e-01,7.55077e-01,2.16019e-01,9.49304e-01,6.71264e-01,8.33501e-01,1.67254e-01,9.89872e-01,8.84281e-01,1.54752e-01,4.06955e-01,8.25584e-01,3.18524e-01,8.99507e-02,1.36293e-01,4.95177e-01,4.95006e-01,5.49741e-02]';
coordinateAMatrix(:,:,1)=[bactX,bactY];
t=1.00000e-03;
